10198610
10198611
10198612
10198613
10198614
10198615
10198616
10198617
10198618
10198619
10198620
10198621
10198622
10198623
10198624
10198625
10198626
10198627
10198628
10198629
10198630
10198631
10198632
10198633
10198634
10198635
10198636
10198637
10198638
10198639
10198640
10198641
10198642
10198643
10198644
10198645
10198646
10198647
10198648
10198649
10198710
10198711
10198712
10198713
10198714
10198715
10198716
10198717
10198718
10198719
10198720
10198721
10198722
10198723
10198724
10198725
10198726
10198727
10198728
10198729
10198730
10198731
10198732
10198733
10198734
10198735
10198736
10198737
10198738
10198739
10198740
10198741
10198742
10198743
10198744
10198745
10198746
10198747
10198748
10198749
10198810
10198811
10198812
10198813
10198814
10198815
10198816
10198817
10198818
10198819
10198820
10198821
10198822
10198823
10198824
10198825
10198826
10198827
10198828
10198829
10198830
10198831
10198832
10198833
10198834
10198835
10198836
10198837
10198838
10198839
10198840
10198841
10198842
10198843
10198844
10198845
10198846
10198847
10198848
10198849
10198910
10198911
10198912
10198913
10198914
10198915
10198916
10198917
10198918
10198919
10198920
10198921
10198922
10198923
10198924
10198925
10198926
10198927
10198928
10198929
10198930
10198931
10198932
10198933
10198934
10198935
10198936
10198937
10198938
10198939
10198940
10198941
10198942
10198943
10198944
10198945
10198946
10198947
10198948
10198949
10199010
10199011
10199012
10199013
10199014
10199015
10199016
10199017
10199018
10199019
10199020
10199021
10199022
10199023
10199024
10199025
10199026
10199027
10199028
10199029
10199030
10199031
10199032
10199033
10199034
10199035
10199036
10199037
10199038
10199039
10199040
10199041
10199042
10199043
10199044
10199045
10199046
10199047
10199048
10199049
10199110
10199111
10199112
10199113
10199114
10199115
10199116
10199117
10199118
10199119
10199120
10199121
10199122
10199123
10199124
10199125
10199126
10199127
10199128
10199129
10199130
10199131
10199132
10199133
10199134
10199135
10199136
10199137
10199138
10199139
10199140
10199141
10199142
10199143
10199144
10199145
10199146
10199147
10199148
10199149
10199210
10199211
10199212
10199213
10199214
10199215
10199216
10199217
10199218
10199219
10199220
10199221
10199222
10199223
10199224
10199225
10199226
10199227
10199228
10199229
10199230
10199231
10199232
10199233
10199234
10199235
10199236
10199237
10199238
10199239
10199240
10199241
10199242
10199243
10199244
10199245
10199246
10199247
10199248
10199249
10199310
10199311
10199312
10199313
10199314
10199315
10199316
10199317
10199318
10199319
10199320
10199321
10199322
10199323
10199324
10199325
10199326
10199327
10199328
10199329
10199330
10199331
10199332
10199333
10199334
10199335
10199336
10199337
10199338
10199339
10199340
10199341
10199342
10199343
10199344
10199345
10199346
10199347
10199348
10199349
10199410
10199411
10199412
10199413
10199414
10199415
10199416
10199417
10199418
10199419
10199420
10199421
10199422
10199423
10199424
10199425
10199426
10199427
10199428
10199429
10199430
10199431
10199432
10199433
10199434
10199435
10199436
10199437
10199438
10199439
10199440
10199441
10199442
10199443
10199444
10199445
10199446
10199447
10199448
10199449
10199510
10199511
10199512
10199513
10199514
10199515
10199516
10199517
10199518
10199519
10199520
10199521
10199522
10199523
10199524
10199525
10199526
10199527
10199528
10199529
10199530
10199531
10199532
10199533
10199534
10199535
10199536
10199537
10199538
10199539
10199540
10199541
10199542
10199543
10199544
10199545
10199546
10199547
10199548
10199549
10199610
10199611
10199612
10199613
10199614
10199615
10199616
10199617
10199618
10199619
10199620
10199621
10199622
10199623
10199624
10199625
10199626
10199627
10199628
10199629
10199630
10199631
10199632
10199633
10199634
10199635
10199636
10199637
10199638
10199639
10199640
10199641
10199642
10199643
10199644
10199645
10199646
10199647
10199648
10199649
10199710
10199711
10199712
10199713
10199714
10199715
10199716
10199717
10199718
10199719
10199720
10199721
10199722
10199723
10199724
10199725
10199726
10199727
10199728
10199729
10199730
10199731
10199732
10199733
10199734
10199735
10199736
10199737
10199738
10199739
10199740
10199741
10199742
10199743
10199744
10199745
10199746
10199747
10199748
10199749
10199810
10199811
10199812
10199813
10199814
10199815
10199816
10199817
10199818
10199819
10199820
10199821
10199822
10199823
10199824
10199825
10199826
10199827
10199828
10199829
10199830
10199831
10199832
10199833
10199834
10199835
10199836
10199837
10199838
10199839
10199840
10199841
10199842
10199843
10199844
10199845
10199846
10199847
10199848
10199849
10199910
10199911
10199912
10199913
10199914
10199915
10199916
10199917
10199918
10199919
10199920
10199921
10199922
10199923
10199924
10199925
10199926
10199927
10199928
10199929
10199930
10199931
10199932
10199933
10199934
10199935
10199936
10199937
10199938
10199939
10199940
10199941
10199942
10199943
10199944
10199945
10199946
10199947
10199948
10199949
10298610
10298611
10298612
10298613
10298614
10298615
10298616
10298617
10298618
10298619
10298620
10298621
10298622
10298623
10298624
10298625
10298626
10298627
10298628
10298629
10298630
10298631
10298632
10298633
10298634
10298635
10298636
10298637
10298638
10298639
10298640
10298641
10298642
10298643
10298644
10298645
10298646
10298647
10298648
10298649
10298710
10298711
10298712
10298713
10298714
10298715
10298716
10298717
10298718
10298719
10298720
10298721
10298722
10298723
10298724
10298725
10298726
10298727
10298728
10298729
10298730
10298731
10298732
10298733
10298734
10298735
10298736
10298737
10298738
10298739
10298740
10298741
10298742
10298743
10298744
10298745
10298746
10298747
10298748
10298749
10298810
10298811
10298812
10298813
10298814
10298815
10298816
10298817
10298818
10298819
10298820
10298821
10298822
10298823
10298824
10298825
10298826
10298827
10298828
10298829
10298830
10298831
10298832
10298833
10298834
10298835
10298836
10298837
10298838
10298839
10298840
10298841
10298842
10298843
10298844
10298845
10298846
10298847
10298848
10298849
10298910
10298911
10298912
10298913
10298914
10298915
10298916
10298917
10298918
10298919
10298920
10298921
10298922
10298923
10298924
10298925
10298926
10298927
10298928
10298929
10298930
10298931
10298932
10298933
10298934
10298935
10298936
10298937
10298938
10298939
10298940
10298941
10298942
10298943
10298944
10298945
10298946
10298947
10298948
10298949
10299010
10299011
10299012
10299013
10299014
10299015
10299016
10299017
10299018
10299019
10299020
10299021
10299022
10299023
10299024
10299025
10299026
10299027
10299028
10299029
10299030
10299031
10299032
10299033
10299034
10299035
10299036
10299037
10299038
10299039
10299040
10299041
10299042
10299043
10299044
10299045
10299046
10299047
10299048
10299049
10299110
10299111
10299112
10299113
10299114
10299115
10299116
10299117
10299118
10299119
10299120
10299121
10299122
10299123
10299124
10299125
10299126
10299127
10299128
10299129
10299130
10299131
10299132
10299133
10299134
10299135
10299136
10299137
10299138
10299139
10299140
10299141
10299142
10299143
10299144
10299145
10299146
10299147
10299148
10299149
10299210
10299211
10299212
10299213
10299214
10299215
10299216
10299217
10299218
10299219
10299220
10299221
10299222
10299223
10299224
10299225
10299226
10299227
10299228
10299229
10299230
10299231
10299232
10299233
10299234
10299235
10299236
10299237
10299238
10299239
10299240
10299241
10299242
10299243
10299244
10299245
10299246
10299247
10299248
10299249
10299310
10299311
10299312
10299313
10299314
10299315
10299316
10299317
10299318
10299319
10299320
10299321
10299322
10299323
10299324
10299325
10299326
10299327
10299328
10299329
10299330
10299331
10299332
10299333
10299334
10299335
10299336
10299337
10299338
10299339
10299340
10299341
10299342
10299343
10299344
10299345
10299346
10299347
10299348
10299349
10299410
10299411
10299412
10299413
10299414
10299415
10299416
10299417
10299418
10299419
10299420
10299421
10299422
10299423
10299424
10299425
10299426
10299427
10299428
10299429
10299430
10299431
10299432
10299433
10299434
10299435
10299436
10299437
10299438
10299439
10299440
10299441
10299442
10299443
10299444
10299445
10299446
10299447
10299448
10299449
10299510
10299511
10299512
10299513
10299514
10299515
10299516
10299517
10299518
10299519
10299520
10299521
10299522
10299523
10299524
10299525
10299526
10299527
10299528
10299529
10299530
10299531
10299532
10299533
10299534
10299535
10299536
10299537
10299538
10299539
10299540
10299541
10299542
10299543
10299544
10299545
10299546
10299547
10299548
10299549
10299610
10299611
10299612
10299613
10299614
10299615
10299616
10299617
10299618
10299619
10299620
10299621
10299622
10299623
10299624
10299625
10299626
10299627
10299628
10299629
10299630
10299631
10299632
10299633
10299634
10299635
10299636
10299637
10299638
10299639
10299640
10299641
10299642
10299643
10299644
10299645
10299646
10299647
10299648
10299649
10299710
10299711
10299712
10299713
10299714
10299715
10299716
10299717
10299718
10299719
10299720
10299721
10299722
10299723
10299724
10299725
10299726
10299727
10299728
10299729
10299730
10299731
10299732
10299733
10299734
10299735
10299736
10299737
10299738
10299739
10299740
10299741
10299742
10299743
10299744
10299745
10299746
10299747
10299748
10299749
10299810
10299811
10299812
10299813
10299814
10299815
10299816
10299817
10299818
10299819
10299820
10299821
10299822
10299823
10299824
10299825
10299826
10299827
10299828
10299829
10299830
10299831
10299832
10299833
10299834
10299835
10299836
10299837
10299838
10299839
10299840
10299841
10299842
10299843
10299844
10299845
10299846
10299847
10299848
10299849
10299910
10299911
10299912
10299913
10299914
10299915
10299916
10299917
10299918
10299919
10299920
10299921
10299922
10299923
10299924
10299925
10299926
10299927
10299928
10299929
10299930
10299931
10299932
10299933
10299934
10299935
10299936
10299937
10299938
10299939
10299940
10299941
10299942
10299943
10299944
10299945
10299946
10299947
10299948
10299949
10398610
10398611
10398612
10398613
10398614
10398615
10398616
10398617
10398618
10398619
10398620
10398621
10398622
10398623
10398624
10398625
10398626
10398627
10398628
10398629
10398630
10398631
10398632
10398633
10398634
10398635
10398636
10398637
10398638
10398639
10398640
10398641
10398642
10398643
10398644
10398645
10398646
10398647
10398648
10398649
10398710
10398711
10398712
10398713
10398714
10398715
10398716
10398717
10398718
10398719
10398720
10398721
10398722
10398723
10398724
10398725
10398726
10398727
10398728
10398729
10398730
10398731
10398732
10398733
10398734
10398735
10398736
10398737
10398738
10398739
10398740
10398741
10398742
10398743
10398744
10398745
10398746
10398747
10398748
10398749
10398810
10398811
10398812
10398813
10398814
10398815
10398816
10398817
10398818
10398819
10398820
10398821
10398822
10398823
10398824
10398825
10398826
10398827
10398828
10398829
10398830
10398831
10398832
10398833
10398834
10398835
10398836
10398837
10398838
10398839
10398840
10398841
10398842
10398843
10398844
10398845
10398846
10398847
10398848
10398849
10398910
10398911
10398912
10398913
10398914
10398915
10398916
10398917
10398918
10398919
10398920
10398921
10398922
10398923
10398924
10398925
10398926
10398927
10398928
10398929
10398930
10398931
10398932
10398933
10398934
10398935
10398936
10398937
10398938
10398939
10398940
10398941
10398942
10398943
10398944
10398945
10398946
10398947
10398948
10398949
10399010
10399011
10399012
10399013
10399014
10399015
10399016
10399017
10399018
10399019
10399020
10399021
10399022
10399023
10399024
10399025
10399026
10399027
10399028
10399029
10399030
10399031
10399032
10399033
10399034
10399035
10399036
10399037
10399038
10399039
10399040
10399041
10399042
10399043
10399044
10399045
10399046
10399047
10399048
10399049
10399110
10399111
10399112
10399113
10399114
10399115
10399116
10399117
10399118
10399119
10399120
10399121
10399122
10399123
10399124
10399125
10399126
10399127
10399128
10399129
10399130
10399131
10399132
10399133
10399134
10399135
10399136
10399137
10399138
10399139
10399140
10399141
10399142
10399143
10399144
10399145
10399146
10399147
10399148
10399149
10399210
10399211
10399212
10399213
10399214
10399215
10399216
10399217
10399218
10399219
10399220
10399221
10399222
10399223
10399224
10399225
10399226
10399227
10399228
10399229
10399230
10399231
10399232
10399233
10399234
10399235
10399236
10399237
10399238
10399239
10399240
10399241
10399242
10399243
10399244
10399245
10399246
10399247
10399248
10399249
10399310
10399311
10399312
10399313
10399314
10399315
10399316
10399317
10399318
10399319
10399320
10399321
10399322
10399323
10399324
10399325
10399326
10399327
10399328
10399329
10399330
10399331
10399332
10399333
10399334
10399335
10399336
10399337
10399338
10399339
10399340
10399341
10399342
10399343
10399344
10399345
10399346
10399347
10399348
10399349
10399410
10399411
10399412
10399413
10399414
10399415
10399416
10399417
10399418
10399419
10399420
10399421
10399422
10399423
10399424
10399425
10399426
10399427
10399428
10399429
10399430
10399431
10399432
10399433
10399434
10399435
10399436
10399437
10399438
10399439
10399440
10399441
10399442
10399443
10399444
10399445
10399446
10399447
10399448
10399449
10399510
10399511
10399512
10399513
10399514
10399515
10399516
10399517
10399518
10399519
10399520
10399521
10399522
10399523
10399524
10399525
10399526
10399527
10399528
10399529
10399530
10399531
10399532
10399533
10399534
10399535
10399536
10399537
10399538
10399539
10399540
10399541
10399542
10399543
10399544
10399545
10399546
10399547
10399548
10399549
10399610
10399611
10399612
10399613
10399614
10399615
10399616
10399617
10399618
10399619
10399620
10399621
10399622
10399623
10399624
10399625
10399626
10399627
10399628
10399629
10399630
10399631
10399632
10399633
10399634
10399635
10399636
10399637
10399638
10399639
10399640
10399641
10399642
10399643
10399644
10399645
10399646
10399647
10399648
10399649
10399710
10399711
10399712
10399713
10399714
10399715
10399716
10399717
10399718
10399719
10399720
10399721
10399722
10399723
10399724
10399725
10399726
10399727
10399728
10399729
10399730
10399731
10399732
10399733
10399734
10399735
10399736
10399737
10399738
10399739
10399740
10399741
10399742
10399743
10399744
10399745
10399746
10399747
10399748
10399749
10399810
10399811
10399812
10399813
10399814
10399815
10399816
10399817
10399818
10399819
10399820
10399821
10399822
10399823
10399824
10399825
10399826
10399827
10399828
10399829
10399830
10399831
10399832
10399833
10399834
10399835
10399836
10399837
10399838
10399839
10399840
10399841
10399842
10399843
10399844
10399845
10399846
10399847
10399848
10399849
10399910
10399911
10399912
10399913
10399914
10399915
10399916
10399917
10399918
10399919
10399920
10399921
10399922
10399923
10399924
10399925
10399926
10399927
10399928
10399929
10399930
10399931
10399932
10399933
10399934
10399935
10399936
10399937
10399938
10399939
10399940
10399941
10399942
10399943
10399944
10399945
10399946
10399947
10399948
10399949
10498610
10498611
10498612
10498613
10498614
10498615
10498616
10498617
10498618
10498619
10498620
10498621
10498622
10498623
10498624
10498625
10498626
10498627
10498628
10498629
10498630
10498631
10498632
10498633
10498634
10498635
10498636
10498637
10498638
10498639
10498640
10498641
10498642
10498643
10498644
10498645
10498646
10498647
10498648
10498649
10498710
10498711
10498712
10498713
10498714
10498715
10498716
10498717
10498718
10498719
10498720
10498721
10498722
10498723
10498724
10498725
10498726
10498727
10498728
10498729
10498730
10498731
10498732
10498733
10498734
10498735
10498736
10498737
10498738
10498739
10498740
10498741
10498742
10498743
10498744
10498745
10498746
10498747
10498748
10498749
10498810
10498811
10498812
10498813
10498814
10498815
10498816
10498817
10498818
10498819
10498820
10498821
10498822
10498823
10498824
10498825
10498826
10498827
10498828
10498829
10498830
10498831
10498832
10498833
10498834
10498835
10498836
10498837
10498838
10498839
10498840
10498841
10498842
10498843
10498844
10498845
10498846
10498847
10498848
10498849
10498910
10498911
10498912
10498913
10498914
10498915
10498916
10498917
10498918
10498919
10498920
10498921
10498922
10498923
10498924
10498925
10498926
10498927
10498928
10498929
10498930
10498931
10498932
10498933
10498934
10498935
10498936
10498937
10498938
10498939
10498940
10498941
10498942
10498943
10498944
10498945
10498946
10498947
10498948
10498949
10499010
10499011
10499012
10499013
10499014
10499015
10499016
10499017
10499018
10499019
10499020
10499021
10499022
10499023
10499024
10499025
10499026
10499027
10499028
10499029
10499030
10499031
10499032
10499033
10499034
10499035
10499036
10499037
10499038
10499039
10499040
10499041
10499042
10499043
10499044
10499045
10499046
10499047
10499048
10499049
10499110
10499111
10499112
10499113
10499114
10499115
10499116
10499117
10499118
10499119
10499120
10499121
10499122
10499123
10499124
10499125
10499126
10499127
10499128
10499129
10499130
10499131
10499132
10499133
10499134
10499135
10499136
10499137
10499138
10499139
10499140
10499141
10499142
10499143
10499144
10499145
10499146
10499147
10499148
10499149
10499210
10499211
10499212
10499213
10499214
10499215
10499216
10499217
10499218
10499219
10499220
10499221
10499222
10499223
10499224
10499225
10499226
10499227
10499228
10499229
10499230
10499231
10499232
10499233
10499234
10499235
10499236
10499237
10499238
10499239
10499240
10499241
10499242
10499243
10499244
10499245
10499246
10499247
10499248
10499249
10499310
10499311
10499312
10499313
10499314
10499315
10499316
10499317
10499318
10499319
10499320
10499321
10499322
10499323
10499324
10499325
10499326
10499327
10499328
10499329
10499330
10499331
10499332
10499333
10499334
10499335
10499336
10499337
10499338
10499339
10499340
10499341
10499342
10499343
10499344
10499345
10499346
10499347
10499348
10499349
10499410
10499411
10499412
10499413
10499414
10499415
10499416
10499417
10499418
10499419
10499420
10499421
10499422
10499423
10499424
10499425
10499426
10499427
10499428
10499429
10499430
10499431
10499432
10499433
10499434
10499435
10499436
10499437
10499438
10499439
10499440
10499441
10499442
10499443
10499444
10499445
10499446
10499447
10499448
10499449
10499510
10499511
10499512
10499513
10499514
10499515
10499516
10499517
10499518
10499519
10499520
10499521
10499522
10499523
10499524
10499525
10499526
10499527
10499528
10499529
10499530
10499531
10499532
10499533
10499534
10499535
10499536
10499537
10499538
10499539
10499540
10499541
10499542
10499543
10499544
10499545
10499546
10499547
10499548
10499549
10499610
10499611
10499612
10499613
10499614
10499615
10499616
10499617
10499618
10499619
10499620
10499621
10499622
10499623
10499624
10499625
10499626
10499627
10499628
10499629
10499630
10499631
10499632
10499633
10499634
10499635
10499636
10499637
10499638
10499639
10499640
10499641
10499642
10499643
10499644
10499645
10499646
10499647
10499648
10499649
10499710
10499711
10499712
10499713
10499714
10499715
10499716
10499717
10499718
10499719
10499720
10499721
10499722
10499723
10499724
10499725
10499726
10499727
10499728
10499729
10499730
10499731
10499732
10499733
10499734
10499735
10499736
10499737
10499738
10499739
10499740
10499741
10499742
10499743
10499744
10499745
10499746
10499747
10499748
10499749
10499810
10499811
10499812
10499813
10499814
10499815
10499816
10499817
10499818
10499819
10499820
10499821
10499822
10499823
10499824
10499825
10499826
10499827
10499828
10499829
10499830
10499831
10499832
10499833
10499834
10499835
10499836
10499837
10499838
10499839
10499840
10499841
10499842
10499843
10499844
10499845
10499846
10499847
10499848
10499849
10499910
10499911
10499912
10499913
10499914
10499915
10499916
10499917
10499918
10499919
10499920
10499921
10499922
10499923
10499924
10499925
10499926
10499927
10499928
10499929
10499930
10499931
10499932
10499933
10499934
10499935
10499936
10499937
10499938
10499939
10499940
10499941
10499942
10499943
10499944
10499945
10499946
10499947
10499948
10499949
10598610
10598611
10598612
10598613
10598614
10598615
10598616
10598617
10598618
10598619
10598620
10598621
10598622
10598623
10598624
10598625
10598626
10598627
10598628
10598629
10598630
10598631
10598632
10598633
10598634
10598635
10598636
10598637
10598638
10598639
10598640
10598641
10598642
10598643
10598644
10598645
10598646
10598647
10598648
10598649
10598710
10598711
10598712
10598713
10598714
10598715
10598716
10598717
10598718
10598719
10598720
10598721
10598722
10598723
10598724
10598725
10598726
10598727
10598728
10598729
10598730
10598731
10598732
10598733
10598734
10598735
10598736
10598737
10598738
10598739
10598740
10598741
10598742
10598743
10598744
10598745
10598746
10598747
10598748
10598749
10598810
10598811
10598812
10598813
10598814
10598815
10598816
10598817
10598818
10598819
10598820
10598821
10598822
10598823
10598824
10598825
10598826
10598827
10598828
10598829
10598830
10598831
10598832
10598833
10598834
10598835
10598836
10598837
10598838
10598839
10598840
10598841
10598842
10598843
10598844
10598845
10598846
10598847
10598848
10598849
10598910
10598911
10598912
10598913
10598914
10598915
10598916
10598917
10598918
10598919
10598920
10598921
10598922
10598923
10598924
10598925
10598926
10598927
10598928
10598929
10598930
10598931
10598932
10598933
10598934
10598935
10598936
10598937
10598938
10598939
10598940
10598941
10598942
10598943
10598944
10598945
10598946
10598947
10598948
10598949
10599010
10599011
10599012
10599013
10599014
10599015
10599016
10599017
10599018
10599019
10599020
10599021
10599022
10599023
10599024
10599025
10599026
10599027
10599028
10599029
10599030
10599031
10599032
10599033
10599034
10599035
10599036
10599037
10599038
10599039
10599040
10599041
10599042
10599043
10599044
10599045
10599046
10599047
10599048
10599049
10599110
10599111
10599112
10599113
10599114
10599115
10599116
10599117
10599118
10599119
10599120
10599121
10599122
10599123
10599124
10599125
10599126
10599127
10599128
10599129
10599130
10599131
10599132
10599133
10599134
10599135
10599136
10599137
10599138
10599139
10599140
10599141
10599142
10599143
10599144
10599145
10599146
10599147
10599148
10599149
10599210
10599211
10599212
10599213
10599214
10599215
10599216
10599217
10599218
10599219
10599220
10599221
10599222
10599223
10599224
10599225
10599226
10599227
10599228
10599229
10599230
10599231
10599232
10599233
10599234
10599235
10599236
10599237
10599238
10599239
10599240
10599241
10599242
10599243
10599244
10599245
10599246
10599247
10599248
10599249
10599310
10599311
10599312
10599313
10599314
10599315
10599316
10599317
10599318
10599319
10599320
10599321
10599322
10599323
10599324
10599325
10599326
10599327
10599328
10599329
10599330
10599331
10599332
10599333
10599334
10599335
10599336
10599337
10599338
10599339
10599340
10599341
10599342
10599343
10599344
10599345
10599346
10599347
10599348
10599349
10599410
10599411
10599412
10599413
10599414
10599415
10599416
10599417
10599418
10599419
10599420
10599421
10599422
10599423
10599424
10599425
10599426
10599427
10599428
10599429
10599430
10599431
10599432
10599433
10599434
10599435
10599436
10599437
10599438
10599439
10599440
10599441
10599442
10599443
10599444
10599445
10599446
10599447
10599448
10599449
10599510
10599511
10599512
10599513
10599514
10599515
10599516
10599517
10599518
10599519
10599520
10599521
10599522
10599523
10599524
10599525
10599526
10599527
10599528
10599529
10599530
10599531
10599532
10599533
10599534
10599535
10599536
10599537
10599538
10599539
10599540
10599541
10599542
10599543
10599544
10599545
10599546
10599547
10599548
10599549
10599610
10599611
10599612
10599613
10599614
10599615
10599616
10599617
10599618
10599619
10599620
10599621
10599622
10599623
10599624
10599625
10599626
10599627
10599628
10599629
10599630
10599631
10599632
10599633
10599634
10599635
10599636
10599637
10599638
10599639
10599640
10599641
10599642
10599643
10599644
10599645
10599646
10599647
10599648
10599649
10599710
10599711
10599712
10599713
10599714
10599715
10599716
10599717
10599718
10599719
10599720
10599721
10599722
10599723
10599724
10599725
10599726
10599727
10599728
10599729
10599730
10599731
10599732
10599733
10599734
10599735
10599736
10599737
10599738
10599739
10599740
10599741
10599742
10599743
10599744
10599745
10599746
10599747
10599748
10599749
10599810
10599811
10599812
10599813
10599814
10599815
10599816
10599817
10599818
10599819
10599820
10599821
10599822
10599823
10599824
10599825
10599826
10599827
10599828
10599829
10599830
10599831
10599832
10599833
10599834
10599835
10599836
10599837
10599838
10599839
10599840
10599841
10599842
10599843
10599844
10599845
10599846
10599847
10599848
10599849
10599910
10599911
10599912
10599913
10599914
10599915
10599916
10599917
10599918
10599919
10599920
10599921
10599922
10599923
10599924
10599925
10599926
10599927
10599928
10599929
10599930
10599931
10599932
10599933
10599934
10599935
10599936
10599937
10599938
10599939
10599940
10599941
10599942
10599943
10599944
10599945
10599946
10599947
10599948
10599949
10698610
10698611
10698612
10698613
10698614
10698615
10698616
10698617
10698618
10698619
10698620
10698621
10698622
10698623
10698624
10698625
10698626
10698627
10698628
10698629
10698630
10698631
10698632
10698633
10698634
10698635
10698636
10698637
10698638
10698639
10698640
10698641
10698642
10698643
10698644
10698645
10698646
10698647
10698648
10698649
10698710
10698711
10698712
10698713
10698714
10698715
10698716
10698717
10698718
10698719
10698720
10698721
10698722
10698723
10698724
10698725
10698726
10698727
10698728
10698729
10698730
10698731
10698732
10698733
10698734
10698735
10698736
10698737
10698738
10698739
10698740
10698741
10698742
10698743
10698744
10698745
10698746
10698747
10698748
10698749
10698810
10698811
10698812
10698813
10698814
10698815
10698816
10698817
10698818
10698819
10698820
10698821
10698822
10698823
10698824
10698825
10698826
10698827
10698828
10698829
10698830
10698831
10698832
10698833
10698834
10698835
10698836
10698837
10698838
10698839
10698840
10698841
10698842
10698843
10698844
10698845
10698846
10698847
10698848
10698849
10698910
10698911
10698912
10698913
10698914
10698915
10698916
10698917
10698918
10698919
10698920
10698921
10698922
10698923
10698924
10698925
10698926
10698927
10698928
10698929
10698930
10698931
10698932
10698933
10698934
10698935
10698936
10698937
10698938
10698939
10698940
10698941
10698942
10698943
10698944
10698945
10698946
10698947
10698948
10698949
10699010
10699011
10699012
10699013
10699014
10699015
10699016
10699017
10699018
10699019
10699020
10699021
10699022
10699023
10699024
10699025
10699026
10699027
10699028
10699029
10699030
10699031
10699032
10699033
10699034
10699035
10699036
10699037
10699038
10699039
10699040
10699041
10699042
10699043
10699044
10699045
10699046
10699047
10699048
10699049
10699110
10699111
10699112
10699113
10699114
10699115
10699116
10699117
10699118
10699119
10699120
10699121
10699122
10699123
10699124
10699125
10699126
10699127
10699128
10699129
10699130
10699131
10699132
10699133
10699134
10699135
10699136
10699137
10699138
10699139
10699140
10699141
10699142
10699143
10699144
10699145
10699146
10699147
10699148
10699149
10699210
10699211
10699212
10699213
10699214
10699215
10699216
10699217
10699218
10699219
10699220
10699221
10699222
10699223
10699224
10699225
10699226
10699227
10699228
10699229
10699230
10699231
10699232
10699233
10699234
10699235
10699236
10699237
10699238
10699239
10699240
10699241
10699242
10699243
10699244
10699245
10699246
10699247
10699248
10699249
10699310
10699311
10699312
10699313
10699314
10699315
10699316
10699317
10699318
10699319
10699320
10699321
10699322
10699323
10699324
10699325
10699326
10699327
10699328
10699329
10699330
10699331
10699332
10699333
10699334
10699335
10699336
10699337
10699338
10699339
10699340
10699341
10699342
10699343
10699344
10699345
10699346
10699347
10699348
10699349
10699410
10699411
10699412
10699413
10699414
10699415
10699416
10699417
10699418
10699419
10699420
10699421
10699422
10699423
10699424
10699425
10699426
10699427
10699428
10699429
10699430
10699431
10699432
10699433
10699434
10699435
10699436
10699437
10699438
10699439
10699440
10699441
10699442
10699443
10699444
10699445
10699446
10699447
10699448
10699449
10699510
10699511
10699512
10699513
10699514
10699515
10699516
10699517
10699518
10699519
10699520
10699521
10699522
10699523
10699524
10699525
10699526
10699527
10699528
10699529
10699530
10699531
10699532
10699533
10699534
10699535
10699536
10699537
10699538
10699539
10699540
10699541
10699542
10699543
10699544
10699545
10699546
10699547
10699548
10699549
10699610
10699611
10699612
10699613
10699614
10699615
10699616
10699617
10699618
10699619
10699620
10699621
10699622
10699623
10699624
10699625
10699626
10699627
10699628
10699629
10699630
10699631
10699632
10699633
10699634
10699635
10699636
10699637
10699638
10699639
10699640
10699641
10699642
10699643
10699644
10699645
10699646
10699647
10699648
10699649
10699710
10699711
10699712
10699713
10699714
10699715
10699716
10699717
10699718
10699719
10699720
10699721
10699722
10699723
10699724
10699725
10699726
10699727
10699728
10699729
10699730
10699731
10699732
10699733
10699734
10699735
10699736
10699737
10699738
10699739
10699740
10699741
10699742
10699743
10699744
10699745
10699746
10699747
10699748
10699749
10699810
10699811
10699812
10699813
10699814
10699815
10699816
10699817
10699818
10699819
10699820
10699821
10699822
10699823
10699824
10699825
10699826
10699827
10699828
10699829
10699830
10699831
10699832
10699833
10699834
10699835
10699836
10699837
10699838
10699839
10699840
10699841
10699842
10699843
10699844
10699845
10699846
10699847
10699848
10699849
10699910
10699911
10699912
10699913
10699914
10699915
10699916
10699917
10699918
10699919
10699920
10699921
10699922
10699923
10699924
10699925
10699926
10699927
10699928
10699929
10699930
10699931
10699932
10699933
10699934
10699935
10699936
10699937
10699938
10699939
10699940
10699941
10699942
10699943
10699944
10699945
10699946
10699947
10699948
10699949
10798610
10798611
10798612
10798613
10798614
10798615
10798616
10798617
10798618
10798619
10798620
10798621
10798622
10798623
10798624
10798625
10798626
10798627
10798628
10798629
10798630
10798631
10798632
10798633
10798634
10798635
10798636
10798637
10798638
10798639
10798640
10798641
10798642
10798643
10798644
10798645
10798646
10798647
10798648
10798649
10798710
10798711
10798712
10798713
10798714
10798715
10798716
10798717
10798718
10798719
10798720
10798721
10798722
10798723
10798724
10798725
10798726
10798727
10798728
10798729
10798730
10798731
10798732
10798733
10798734
10798735
10798736
10798737
10798738
10798739
10798740
10798741
10798742
10798743
10798744
10798745
10798746
10798747
10798748
10798749
10798810
10798811
10798812
10798813
10798814
10798815
10798816
10798817
10798818
10798819
10798820
10798821
10798822
10798823
10798824
10798825
10798826
10798827
10798828
10798829
10798830
10798831
10798832
10798833
10798834
10798835
10798836
10798837
10798838
10798839
10798840
10798841
10798842
10798843
10798844
10798845
10798846
10798847
10798848
10798849
10798910
10798911
10798912
10798913
10798914
10798915
10798916
10798917
10798918
10798919
10798920
10798921
10798922
10798923
10798924
10798925
10798926
10798927
10798928
10798929
10798930
10798931
10798932
10798933
10798934
10798935
10798936
10798937
10798938
10798939
10798940
10798941
10798942
10798943
10798944
10798945
10798946
10798947
10798948
10798949
10799010
10799011
10799012
10799013
10799014
10799015
10799016
10799017
10799018
10799019
10799020
10799021
10799022
10799023
10799024
10799025
10799026
10799027
10799028
10799029
10799030
10799031
10799032
10799033
10799034
10799035
10799036
10799037
10799038
10799039
10799040
10799041
10799042
10799043
10799044
10799045
10799046
10799047
10799048
10799049
10799110
10799111
10799112
10799113
10799114
10799115
10799116
10799117
10799118
10799119
10799120
10799121
10799122
10799123
10799124
10799125
10799126
10799127
10799128
10799129
10799130
10799131
10799132
10799133
10799134
10799135
10799136
10799137
10799138
10799139
10799140
10799141
10799142
10799143
10799144
10799145
10799146
10799147
10799148
10799149
10799210
10799211
10799212
10799213
10799214
10799215
10799216
10799217
10799218
10799219
10799220
10799221
10799222
10799223
10799224
10799225
10799226
10799227
10799228
10799229
10799230
10799231
10799232
10799233
10799234
10799235
10799236
10799237
10799238
10799239
10799240
10799241
10799242
10799243
10799244
10799245
10799246
10799247
10799248
10799249
10799310
10799311
10799312
10799313
10799314
10799315
10799316
10799317
10799318
10799319
10799320
10799321
10799322
10799323
10799324
10799325
10799326
10799327
10799328
10799329
10799330
10799331
10799332
10799333
10799334
10799335
10799336
10799337
10799338
10799339
10799340
10799341
10799342
10799343
10799344
10799345
10799346
10799347
10799348
10799349
10799410
10799411
10799412
10799413
10799414
10799415
10799416
10799417
10799418
10799419
10799420
10799421
10799422
10799423
10799424
10799425
10799426
10799427
10799428
10799429
10799430
10799431
10799432
10799433
10799434
10799435
10799436
10799437
10799438
10799439
10799440
10799441
10799442
10799443
10799444
10799445
10799446
10799447
10799448
10799449
10799510
10799511
10799512
10799513
10799514
10799515
10799516
10799517
10799518
10799519
10799520
10799521
10799522
10799523
10799524
10799525
10799526
10799527
10799528
10799529
10799530
10799531
10799532
10799533
10799534
10799535
10799536
10799537
10799538
10799539
10799540
10799541
10799542
10799543
10799544
10799545
10799546
10799547
10799548
10799549
10799610
10799611
10799612
10799613
10799614
10799615
10799616
10799617
10799618
10799619
10799620
10799621
10799622
10799623
10799624
10799625
10799626
10799627
10799628
10799629
10799630
10799631
10799632
10799633
10799634
10799635
10799636
10799637
10799638
10799639
10799640
10799641
10799642
10799643
10799644
10799645
10799646
10799647
10799648
10799649
10799710
10799711
10799712
10799713
10799714
10799715
10799716
10799717
10799718
10799719
10799720
10799721
10799722
10799723
10799724
10799725
10799726
10799727
10799728
10799729
10799730
10799731
10799732
10799733
10799734
10799735
10799736
10799737
10799738
10799739
10799740
10799741
10799742
10799743
10799744
10799745
10799746
10799747
10799748
10799749
10799810
10799811
10799812
10799813
10799814
10799815
10799816
10799817
10799818
10799819
10799820
10799821
10799822
10799823
10799824
10799825
10799826
10799827
10799828
10799829
10799830
10799831
10799832
10799833
10799834
10799835
10799836
10799837
10799838
10799839
10799840
10799841
10799842
10799843
10799844
10799845
10799846
10799847
10799848
10799849
10799910
10799911
10799912
10799913
10799914
10799915
10799916
10799917
10799918
10799919
10799920
10799921
10799922
10799923
10799924
10799925
10799926
10799927
10799928
10799929
10799930
10799931
10799932
10799933
10799934
10799935
10799936
10799937
10799938
10799939
10799940
10799941
10799942
10799943
10799944
10799945
10799946
10799947
10799948
10799949
10898610
10898611
10898612
10898613
10898614
10898615
10898616
10898617
10898618
10898619
10898620
10898621
10898622
10898623
10898624
10898625
10898626
10898627
10898628
10898629
10898630
10898631
10898632
10898633
10898634
10898635
10898636
10898637
10898638
10898639
10898640
10898641
10898642
10898643
10898644
10898645
10898646
10898647
10898648
10898649
10898710
10898711
10898712
10898713
10898714
10898715
10898716
10898717
10898718
10898719
10898720
10898721
10898722
10898723
10898724
10898725
10898726
10898727
10898728
10898729
10898730
10898731
10898732
10898733
10898734
10898735
10898736
10898737
10898738
10898739
10898740
10898741
10898742
10898743
10898744
10898745
10898746
10898747
10898748
10898749
10898810
10898811
10898812
10898813
10898814
10898815
10898816
10898817
10898818
10898819
10898820
10898821
10898822
10898823
10898824
10898825
10898826
10898827
10898828
10898829
10898830
10898831
10898832
10898833
10898834
10898835
10898836
10898837
10898838
10898839
10898840
10898841
10898842
10898843
10898844
10898845
10898846
10898847
10898848
10898849
10898910
10898911
10898912
10898913
10898914
10898915
10898916
10898917
10898918
10898919
10898920
10898921
10898922
10898923
10898924
10898925
10898926
10898927
10898928
10898929
10898930
10898931
10898932
10898933
10898934
10898935
10898936
10898937
10898938
10898939
10898940
10898941
10898942
10898943
10898944
10898945
10898946
10898947
10898948
10898949
10899010
10899011
10899012
10899013
10899014
10899015
10899016
10899017
10899018
10899019
10899020
10899021
10899022
10899023
10899024
10899025
10899026
10899027
10899028
10899029
10899030
10899031
10899032
10899033
10899034
10899035
10899036
10899037
10899038
10899039
10899040
10899041
10899042
10899043
10899044
10899045
10899046
10899047
10899048
10899049
10899110
10899111
10899112
10899113
10899114
10899115
10899116
10899117
10899118
10899119
10899120
10899121
10899122
10899123
10899124
10899125
10899126
10899127
10899128
10899129
10899130
10899131
10899132
10899133
10899134
10899135
10899136
10899137
10899138
10899139