6300000
6300001
6300002
6300003
6300004
6300005
6300006
6300007
6300008
6300009
6300010
6300011
6300012
6300013
6300014
6300015
6300016
6300017
6300018
6300019
6300020
6300021
6300022
6300023
6300024
6300025
6300026
6300027
6300028
6300029
6300030
6300031
6300032
6300033
6300034
6300035
6300036
6300037
6300038
6300039
6300040
6300041
6300042
6300043
6300044
6300045
6300046
6300047
6300048
6300049
6300050
6300051
6300052
6300053
6300054
6300055
6300056
6300057
6300058
6300059
6300060
6300061
6300062
6300063
6300064
6300065
6300066
6300067
6300068
6300069
6300070
6300071
6300072
6300073
6300074
6300075
6300076
6300077
6300078
6300079
6300080
6300081
6300082
6300083
6300084
6300085
6300086
6300087
6300088
6300089
6300090
6300091
6300092
6300093
6300094
6300095
6300096
6300097
6300098
6300099
6300100
6300101
6300102
6300103
6300104
6300105
6300106
6300107
6300108
6300109
6300110
6300111
6300112
6300113
6300114
6300115
6300116
6300117
6300118
6300119
6300120
6300121
6300122
6300123
6300124
6300125
6300126
6300127
6300128
6300129
6300130
6300131
6300132
6300133
6300134
6300135
6300136
6300137
6300138
6300139
6300140
6300141
6300142
6300143
6300144
6300145
6300146
6300147
6300148
6300149
6300150
6300151
6300152
6300153
6300154
6300155
6300156
6300157
6300158
6300159
6300160
6300161
6300162
6300163
6300164
6300165
6300166
6300167
6300168
6300169
6300170
6300171
6300172
6300173
6300174
6300175
6300176
6300177
6300178
6300179
6300180
6300181
6300182
6300183
6300184
6300185
6300186
6300187
6300188
6300189
6300190
6300191
6300192
6300193
6300194
6300195
6300196
6300197
6300198
6300199
6300200
6300201
6300202
6300203
6300204
6300205
6300206
6300207
6300208
6300209
6300210
6300211
6300212
6300213
6300214
6300215
6300216
6300217
6300218
6300219
6300220
6300221
6300222
6300223
6300224
6300225
6300226
6300227
6300228
6300229
6300230
6300231
6300232
6300233
6300234
6300235
6300236
6300237
6300238
6300239
6300240
6300241
6300242
6300243
6300244
6300245
6300246
6300247
6300248
6300249
6300250
6300251
6300252
6300253
6300254
6300255
6300256
6300257
6300258
6300259
6300260
6300261
6300262
6300263
6300264
6300265
6300266
6300267
6300268
6300269
6300270
6300271
6300272
6300273
6300274
6300275
6300276
6300277
6300278
6300279
6300280
6300281
6300282
6300283
6300284
6300285
6300286
6300287
6300288
6300289
6300290
6300291
6300292
6300293
6300294
6300295
6300296
6300297
6300298
6300299
6300300
6300301
6300302
6300303
6300304
6300305
6300306
6300307
6300308
6300309
6300310
6300311
6300312
6300313
6300314
6300315
6300316
6300317
6300318
6300319
6300320
6300321
6300322
6300323
6300324
6300325
6300326
6300327
6300328
6300329
6300330
6300331
6300332
6300333
6300334
6300335
6300336
6300337
6300338
6300339
6300340
6300341
6300342
6300343
6300344
6300345
6300346
6300347
6300348
6300349
6300350
6300351
6300352
6300353
6300354
6300355
6300356
6300357
6300358
6300359
6300360
6300361
6300362
6300363
6300364
6300365
6300366
6300367
6300368
6300369
6300370
6300371
6300372
6300373
6300374
6300375
6300376
6300377
6300378
6300379
6300380
6300381
6300382
6300383
6300384
6300385
6300386
6300387
6300388
6300389
6300390
6300391
6300392
6300393
6300394
6300395
6300396
6300397
6300398
6300399
6300400
6300401
6300402
6300403
6300404
6300405
6300406
6300407
6300408
6300409
6300410
6300411
6300412
6300413
6300414
6300415
6300416
6300417
6300418
6300419
6300420
6300421
6300422
6300423
6300424
6300425
6300426
6300427
6300428
6300429
6300430
6300431
6300432
6300433
6300434
6300435
6300436
6300437
6300438
6300439
6300440
6300441
6300442
6300443
6300444
6300445
6300446
6300447
6300448
6300449
6300450
6300451
6300452
6300453
6300454
6300455
6300456
6300457
6300458
6300459
6300460
6300461
6300462
6300463
6300464
6300465
6300466
6300467
6300468
6300469
6300470
6300471
6300472
6300473
6300474
6300475
6300476
6300477
6300478
6300479
6300480
6300481
6300482
6300483
6300484
6300485
6300486
6300487
6300488
6300489
6300490
6300491
6300492
6300493
6300494
6300495
6300496
6300497
6300498
6300499
6300500
6300501
6300502
6300503
6300504
6300505
6300506
6300507
6300508
6300509
6300510
6300511
6300512
6300513
6300514
6300515
6300516
6300517
6300518
6300519
6300520
6300521
6300522
6300523
6300524
6300525
6300526
6300527
6300528
6300529
6300530
6300531
6300532
6300533
6300534
6300535
6300536
6300537
6300538
6300539
6300540
6300541
6300542
6300543
6300544
6300545
6300546
6300547
6300548
6300549
6300550
6300551
6300552
6300553
6300554
6300555
6300556
6300557
6300558
6300559
6300560
6300561
6300562
6300563
6300564
6300565
6300566
6300567
6300568
6300569
6300570
6300571
6300572
6300573
6300574
6300575
6300576
6300577
6300578
6300579
6300580
6300581
6300582
6300583
6300584
6300585
6300586
6300587
6300588
6300589
6300590
6300591
6300592
6300593
6300594
6300595
6300596
6300597
6300598
6300599
6300600
6300601
6300602
6300603
6300604
6300605
6300606
6300607
6300608
6300609
6300610
6300611
6300612
6300613
6300614
6300615
6300616
6300617
6300618
6300619
6300620
6300621
6300622
6300623
6300624
6300625
6300626
6300627
6300628
6300629
6300630
6300631
6300632
6300633
6300634
6300635
6300636
6300637
6300638
6300639
6300640
6300641
6300642
6300643
6300644
6300645
6300646
6300647
6300648
6300649
6300650
6300651
6300652
6300653
6300654
6300655
6300656
6300657
6300658
6300659
6300660
6300661
6300662
6300663
6300664
6300665
6300666
6300667
6300668
6300669
6300670
6300671
6300672
6300673
6300674
6300675
6300676
6300677
6300678
6300679
6300680
6300681
6300682
6300683
6300684
6300685
6300686
6300687
6300688
6300689
6300690
6300691
6300692
6300693
6300694
6300695
6300696
6300697
6300698
6300699
6300700
6300701
6300702
6300703
6300704
6300705
6300706
6300707
6300708
6300709
6300710
6300711
6300712
6300713
6300714
6300715
6300716
6300717
6300718
6300719
6300720
6300721
6300722
6300723
6300724
6300725
6300726
6300727
6300728
6300729
6300730
6300731
6300732
6300733
6300734
6300735
6300736
6300737
6300738
6300739
6300740
6300741
6300742
6300743
6300744
6300745
6300746
6300747
6300748
6300749
6300750
6300751
6300752
6300753
6300754
6300755
6300756
6300757
6300758
6300759
6300760
6300761
6300762
6300763
6300764
6300765
6300766
6300767
6300768
6300769
6300770
6300771
6300772
6300773
6300774
6300775
6300776
6300777
6300778
6300779
6300780
6300781
6300782
6300783
6300784
6300785
6300786
6300787
6300788
6300789
6300790
6300791
6300792
6300793
6300794
6300795
6300796
6300797
6300798
6300799
6300800
6300801
6300802
6300803
6300804
6300805
6300806
6300807
6300808
6300809
6300810
6300811
6300812
6300813
6300814
6300815
6300816
6300817
6300818
6300819
6300820
6300821
6300822
6300823
6300824
6300825
6300826
6300827
6300828
6300829
6300830
6300831
6300832
6300833
6300834
6300835
6300836
6300837
6300838
6300839
6300840
6300841
6300842
6300843
6300844
6300845
6300846
6300847
6300848
6300849
6300850
6300851
6300852
6300853
6300854
6300855
6300856
6300857
6300858
6300859
6300860
6300861
6300862
6300863
6300864
6300865
6300866
6300867
6300868
6300869
6300870
6300871
6300872
6300873
6300874
6300875
6300876
6300877
6300878
6300879
6300880
6300881
6300882
6300883
6300884
6300885
6300886
6300887
6300888
6300889
6300890
6300891
6300892
6300893
6300894
6300895
6300896
6300897
6300898
6300899
6300900
6300901
6300902
6300903
6300904
6300905
6300906
6300907
6300908
6300909
6300910
6300911
6300912
6300913
6300914
6300915
6300916
6300917
6300918
6300919
6300920
6300921
6300922
6300923
6300924
6300925
6300926
6300927
6300928
6300929
6300930
6300931
6300932
6300933
6300934
6300935
6300936
6300937
6300938
6300939
6300940
6300941
6300942
6300943
6300944
6300945
6300946
6300947
6300948
6300949
6300950
6300951
6300952
6300953
6300954
6300955
6300956
6300957
6300958
6300959
6300960
6300961
6300962
6300963
6300964
6300965
6300966
6300967
6300968
6300969
6300970
6300971
6300972
6300973
6300974
6300975
6300976
6300977
6300978
6300979
6300980
6300981
6300982
6300983
6300984
6300985
6300986
6300987
6300988
6300989
6300990
6300991
6300992
6300993
6300994
6300995
6300996
6300997
6300998
6300999
6301000
6301001
6301002
6301003
6301004
6301005
6301006
6301007
6301008
6301009
6301010
6301011
6301012
6301013
6301014
6301015
6301016
6301017
6301018
6301019
6301020
6301021
6301022
6301023
6301024
6301025
6301026
6301027
6301028
6301029
6301030
6301031
6301032
6301033
6301034
6301035
6301036
6301037
6301038
6301039
6301040
6301041
6301042
6301043
6301044
6301045
6301046
6301047
6301048
6301049
6301050
6301051
6301052
6301053
6301054
6301055
6301056
6301057
6301058
6301059
6301060
6301061
6301062
6301063
6301064
6301065
6301066
6301067
6301068
6301069
6301070
6301071
6301072
6301073
6301074
6301075
6301076
6301077
6301078
6301079
6301080
6301081
6301082
6301083
6301084
6301085
6301086
6301087
6301088
6301089
6301090
6301091
6301092
6301093
6301094
6301095
6301096
6301097
6301098
6301099
6301100
6301101
6301102
6301103
6301104
6301105
6301106
6301107
6301108
6301109
6301110
6301111
6301112
6301113
6301114
6301115
6301116
6301117
6301118
6301119
6301120
6301121
6301122
6301123
6301124
6301125
6301126
6301127
6301128
6301129
6301130
6301131
6301132
6301133
6301134
6301135
6301136
6301137
6301138
6301139
6301140
6301141
6301142
6301143
6301144
6301145
6301146
6301147
6301148
6301149
6301150
6301151
6301152
6301153
6301154
6301155
6301156
6301157
6301158
6301159
6301160
6301161
6301162
6301163
6301164
6301165
6301166
6301167
6301168
6301169
6301170
6301171
6301172
6301173
6301174
6301175
6301176
6301177
6301178
6301179
6301180
6301181
6301182
6301183
6301184
6301185
6301186
6301187
6301188
6301189
6301190
6301191
6301192
6301193
6301194
6301195
6301196
6301197
6301198
6301199
6301200
6301201
6301202
6301203
6301204
6301205
6301206
6301207
6301208
6301209
6301210
6301211
6301212
6301213
6301214
6301215
6301216
6301217
6301218
6301219
6301220
6301221
6301222
6301223
6301224
6301225
6301226
6301227
6301228
6301229
6301230
6301231
6301232
6301233
6301234
6301235
6301236
6301237
6301238
6301239
6301240
6301241
6301242
6301243
6301244
6301245
6301246
6301247
6301248
6301249
6301250
6301251
6301252
6301253
6301254
6301255
6301256
6301257
6301258
6301259
6301260
6301261
6301262
6301263
6301264
6301265
6301266
6301267
6301268
6301269
6301270
6301271
6301272
6301273
6301274
6301275
6301276
6301277
6301278
6301279
6301280
6301281
6301282
6301283
6301284
6301285
6301286
6301287
6301288
6301289
6301290
6301291
6301292
6301293
6301294
6301295
6301296
6301297
6301298
6301299
6301300
6301301
6301302
6301303
6301304
6301305
6301306
6301307
6301308
6301309
6301310
6301311
6301312
6301313
6301314
6301315
6301316
6301317
6301318
6301319
6301320
6301321
6301322
6301323
6301324
6301325
6301326
6301327
6301328
6301329
6301330
6301331
6301332
6301333
6301334
6301335
6301336
6301337
6301338
6301339
6301340
6301341
6301342
6301343
6301344
6301345
6301346
6301347
6301348
6301349
6301350
6301351
6301352
6301353
6301354
6301355
6301356
6301357
6301358
6301359
6301360
6301361
6301362
6301363
6301364
6301365
6301366
6301367
6301368
6301369
6301370
6301371
6301372
6301373
6301374
6301375
6301376
6301377
6301378
6301379
6301380
6301381
6301382
6301383
6301384
6301385
6301386
6301387
6301388
6301389
6301390
6301391
6301392
6301393
6301394
6301395
6301396
6301397
6301398
6301399
6301400
6301401
6301402
6301403
6301404
6301405
6301406
6301407
6301408
6301409
6301410
6301411
6301412
6301413
6301414
6301415
6301416
6301417
6301418
6301419
6301420
6301421
6301422
6301423
6301424
6301425
6301426
6301427
6301428
6301429
6301430
6301431
6301432
6301433
6301434
6301435
6301436
6301437
6301438
6301439
6301440
6301441
6301442
6301443
6301444
6301445
6301446
6301447
6301448
6301449
6301450
6301451
6301452
6301453
6301454
6301455
6301456
6301457
6301458
6301459
6301460
6301461
6301462
6301463
6301464
6301465
6301466
6301467
6301468
6301469
6301470
6301471
6301472
6301473
6301474
6301475
6301476
6301477
6301478
6301479
6301480
6301481
6301482
6301483
6301484
6301485
6301486
6301487
6301488
6301489
6301490
6301491
6301492
6301493
6301494
6301495
6301496
6301497
6301498
6301499
6301500
6301501
6301502
6301503
6301504
6301505
6301506
6301507
6301508
6301509
6301510
6301511
6301512
6301513
6301514
6301515
6301516
6301517
6301518
6301519
6301520
6301521
6301522
6301523
6301524
6301525
6301526
6301527
6301528
6301529
6301530
6301531
6301532
6301533
6301534
6301535
6301536
6301537
6301538
6301539
6301540
6301541
6301542
6301543
6301544
6301545
6301546
6301547
6301548
6301549
6301550
6301551
6301552
6301553
6301554
6301555
6301556
6301557
6301558
6301559
6301560
6301561
6301562
6301563
6301564
6301565
6301566
6301567
6301568
6301569
6301570
6301571
6301572
6301573
6301574
6301575
6301576
6301577
6301578
6301579
6301580
6301581
6301582
6301583
6301584
6301585
6301586
6301587
6301588
6301589
6301590
6301591
6301592
6301593
6301594
6301595
6301596
6301597
6301598
6301599
6301600
6301601
6301602
6301603
6301604
6301605
6301606
6301607
6301608
6301609
6301610
6301611
6301612
6301613
6301614
6301615
6301616
6301617
6301618
6301619
6301620
6301621
6301622
6301623
6301624
6301625
6301626
6301627
6301628
6301629
6301630
6301631
6301632
6301633
6301634
6301635
6301636
6301637
6301638
6301639
6301640
6301641
6301642
6301643
6301644
6301645
6301646
6301647
6301648
6301649
6301650
6301651
6301652
6301653
6301654
6301655
6301656
6301657
6301658
6301659
6301660
6301661
6301662
6301663
6301664
6301665
6301666
6301667
6301668
6301669
6301670
6301671
6301672
6301673
6301674
6301675
6301676
6301677
6301678
6301679
6301680
6301681
6301682
6301683
6301684
6301685
6301686
6301687
6301688
6301689
6301690
6301691
6301692
6301693
6301694
6301695
6301696
6301697
6301698
6301699
6301700
6301701
6301702
6301703
6301704
6301705
6301706
6301707
6301708
6301709
6301710
6301711
6301712
6301713
6301714
6301715
6301716
6301717
6301718
6301719
6301720
6301721
6301722
6301723
6301724
6301725
6301726
6301727
6301728
6301729
6301730
6301731
6301732
6301733
6301734
6301735
6301736
6301737
6301738
6301739
6301740
6301741
6301742
6301743
6301744
6301745
6301746
6301747
6301748
6301749
6301750
6301751
6301752
6301753
6301754
6301755
6301756
6301757
6301758
6301759
6301760
6301761
6301762
6301763
6301764
6301765
6301766
6301767
6301768
6301769
6301770
6301771
6301772
6301773
6301774
6301775
6301776
6301777
6301778
6301779
6301780
6301781
6301782
6301783
6301784
6301785
6301786
6301787
6301788
6301789
6301790
6301791
6301792
6301793
6301794
6301795
6301796
6301797
6301798
6301799
6301800
6301801
6301802
6301803
6301804
6301805
6301806
6301807
6301808
6301809
6301810
6301811
6301812
6301813
6301814
6301815
6301816
6301817
6301818
6301819
6301820
6301821
6301822
6301823
6301824
6301825
6301826
6301827
6301828
6301829
6301830
6301831
6301832
6301833
6301834
6301835
6301836
6301837
6301838
6301839
6301840
6301841
6301842
6301843
6301844
6301845
6301846
6301847
6301848
6301849
6301850
6301851
6301852
6301853
6301854
6301855
6301856
6301857
6301858
6301859
6301860
6301861
6301862
6301863
6301864
6301865
6301866
6301867
6301868
6301869
6301870
6301871
6301872
6301873
6301874
6301875
6301876
6301877
6301878
6301879
6301880
6301881
6301882
6301883
6301884
6301885
6301886
6301887
6301888
6301889
6301890
6301891
6301892
6301893
6301894
6301895
6301896
6301897
6301898
6301899
6301900
6301901
6301902
6301903
6301904
6301905
6301906
6301907
6301908
6301909
6301910
6301911
6301912
6301913
6301914
6301915
6301916
6301917
6301918
6301919
6301920
6301921
6301922
6301923
6301924
6301925
6301926
6301927
6301928
6301929
6301930
6301931
6301932
6301933
6301934
6301935
6301936
6301937
6301938
6301939
6301940
6301941
6301942
6301943
6301944
6301945
6301946
6301947
6301948
6301949
6301950
6301951
6301952
6301953
6301954
6301955
6301956
6301957
6301958
6301959
6301960
6301961
6301962
6301963
6301964
6301965
6301966
6301967
6301968
6301969
6301970
6301971
6301972
6301973
6301974
6301975
6301976
6301977
6301978
6301979
6301980
6301981
6301982
6301983
6301984
6301985
6301986
6301987
6301988
6301989
6301990
6301991
6301992
6301993
6301994
6301995
6301996
6301997
6301998
6301999
6302000
6302001
6302002
6302003
6302004
6302005
6302006
6302007
6302008
6302009
6302010
6302011
6302012
6302013
6302014
6302015
6302016
6302017
6302018
6302019
6302020
6302021
6302022
6302023
6302024
6302025
6302026
6302027
6302028
6302029
6302030
6302031
6302032
6302033
6302034
6302035
6302036
6302037
6302038
6302039
6302040
6302041
6302042
6302043
6302044
6302045
6302046
6302047
6302048
6302049
6302050
6302051
6302052
6302053
6302054
6302055
6302056
6302057
6302058
6302059
6302060
6302061
6302062
6302063
6302064
6302065
6302066
6302067
6302068
6302069
6302070
6302071
6302072
6302073
6302074
6302075
6302076
6302077
6302078
6302079
6302080
6302081
6302082
6302083
6302084
6302085
6302086
6302087
6302088
6302089
6302090
6302091
6302092
6302093
6302094
6302095
6302096
6302097
6302098
6302099
6302100
6302101
6302102
6302103
6302104
6302105
6302106
6302107
6302108
6302109
6302110
6302111
6302112
6302113
6302114
6302115
6302116
6302117
6302118
6302119
6302120
6302121
6302122
6302123
6302124
6302125
6302126
6302127
6302128
6302129
6302130
6302131
6302132
6302133
6302134
6302135
6302136
6302137
6302138
6302139
6302140
6302141
6302142
6302143
6302144
6302145
6302146
6302147
6302148
6302149
6302150
6302151
6302152
6302153
6302154
6302155
6302156
6302157
6302158
6302159
6302160
6302161
6302162
6302163
6302164
6302165
6302166
6302167
6302168
6302169
6302170
6302171
6302172
6302173
6302174
6302175
6302176
6302177
6302178
6302179
6302180
6302181
6302182
6302183
6302184
6302185
6302186
6302187
6302188
6302189
6302190
6302191
6302192
6302193
6302194
6302195
6302196
6302197
6302198
6302199
6302200
6302201
6302202
6302203
6302204
6302205
6302206
6302207
6302208
6302209
6302210
6302211
6302212
6302213
6302214
6302215
6302216
6302217
6302218
6302219
6302220
6302221
6302222
6302223
6302224
6302225
6302226
6302227
6302228
6302229
6302230
6302231
6302232
6302233
6302234
6302235
6302236
6302237
6302238
6302239
6302240
6302241
6302242
6302243
6302244
6302245
6302246
6302247
6302248
6302249
6302250
6302251
6302252
6302253
6302254
6302255
6302256
6302257
6302258
6302259
6302260
6302261
6302262
6302263
6302264
6302265
6302266
6302267
6302268
6302269
6302270
6302271
6302272
6302273
6302274
6302275
6302276
6302277
6302278
6302279
6302280
6302281
6302282
6302283
6302284
6302285
6302286
6302287
6302288
6302289
6302290
6302291
6302292
6302293
6302294
6302295
6302296
6302297
6302298
6302299
6302300
6302301
6302302
6302303
6302304
6302305
6302306
6302307
6302308
6302309
6302310
6302311
6302312
6302313
6302314
6302315
6302316
6302317
6302318
6302319
6302320
6302321
6302322
6302323
6302324
6302325
6302326
6302327
6302328
6302329
6302330
6302331
6302332
6302333
6302334
6302335
6302336
6302337
6302338
6302339
6302340
6302341
6302342
6302343
6302344
6302345
6302346
6302347
6302348
6302349
6302350
6302351
6302352
6302353
6302354
6302355
6302356
6302357
6302358
6302359
6302360
6302361
6302362
6302363
6302364
6302365
6302366
6302367
6302368
6302369
6302370
6302371
6302372
6302373
6302374
6302375
6302376
6302377
6302378
6302379
6302380
6302381
6302382
6302383
6302384
6302385
6302386
6302387
6302388
6302389
6302390
6302391
6302392
6302393
6302394
6302395
6302396
6302397
6302398
6302399
6302400
6302401
6302402
6302403
6302404
6302405
6302406
6302407
6302408
6302409
6302410
6302411
6302412
6302413
6302414
6302415
6302416
6302417
6302418
6302419
6302420
6302421
6302422
6302423
6302424
6302425
6302426
6302427
6302428
6302429
6302430
6302431
6302432
6302433
6302434
6302435
6302436
6302437
6302438
6302439
6302440
6302441
6302442
6302443
6302444
6302445
6302446
6302447
6302448
6302449
6302450
6302451
6302452
6302453
6302454
6302455
6302456
6302457
6302458
6302459
6302460
6302461
6302462
6302463
6302464
6302465
6302466
6302467
6302468
6302469
6302470
6302471
6302472
6302473
6302474
6302475
6302476
6302477
6302478
6302479
6302480
6302481
6302482
6302483
6302484
6302485
6302486
6302487
6302488
6302489
6302490
6302491
6302492
6302493
6302494
6302495
6302496
6302497
6302498
6302499
6302500
6302501
6302502
6302503
6302504
6302505
6302506
6302507
6302508
6302509
6302510
6302511
6302512
6302513
6302514
6302515
6302516
6302517
6302518
6302519
6302520
6302521
6302522
6302523
6302524
6302525
6302526
6302527
6302528
6302529
6302530
6302531
6302532
6302533
6302534
6302535
6302536
6302537
6302538
6302539
6302540
6302541
6302542
6302543
6302544
6302545
6302546
6302547
6302548
6302549
6302550
6302551
6302552
6302553
6302554
6302555
6302556
6302557
6302558
6302559
6302560
6302561
6302562
6302563
6302564
6302565
6302566
6302567
6302568
6302569
6302570
6302571
6302572
6302573
6302574
6302575
6302576
6302577
6302578
6302579
6302580
6302581
6302582
6302583
6302584
6302585
6302586
6302587
6302588
6302589
6302590
6302591
6302592
6302593
6302594
6302595
6302596
6302597
6302598
6302599
6302600
6302601
6302602
6302603
6302604
6302605
6302606
6302607
6302608
6302609
6302610
6302611
6302612
6302613
6302614
6302615
6302616
6302617
6302618
6302619
6302620
6302621
6302622
6302623
6302624
6302625
6302626
6302627
6302628
6302629
6302630
6302631
6302632
6302633
6302634
6302635
6302636
6302637
6302638
6302639
6302640
6302641
6302642
6302643
6302644
6302645
6302646
6302647
6302648
6302649
6302650
6302651
6302652
6302653
6302654
6302655
6302656
6302657
6302658
6302659
6302660
6302661
6302662
6302663
6302664
6302665
6302666
6302667
6302668
6302669
6302670
6302671
6302672
6302673
6302674
6302675
6302676
6302677
6302678
6302679
6302680
6302681
6302682
6302683
6302684
6302685
6302686
6302687
6302688
6302689
6302690
6302691
6302692
6302693
6302694
6302695
6302696
6302697
6302698
6302699
6302700
6302701
6302702
6302703
6302704
6302705
6302706
6302707
6302708
6302709
6302710
6302711
6302712
6302713
6302714
6302715
6302716
6302717
6302718
6302719
6302720
6302721
6302722
6302723
6302724
6302725
6302726
6302727
6302728
6302729
6302730
6302731
6302732
6302733
6302734
6302735
6302736
6302737
6302738
6302739
6302740
6302741
6302742
6302743
6302744
6302745
6302746
6302747
6302748
6302749
6302750
6302751
6302752
6302753
6302754
6302755
6302756
6302757
6302758
6302759
6302760
6302761
6302762
6302763
6302764
6302765
6302766
6302767
6302768
6302769
6302770
6302771
6302772
6302773
6302774
6302775
6302776
6302777
6302778
6302779
6302780
6302781
6302782
6302783
6302784
6302785
6302786
6302787
6302788
6302789
6302790
6302791
6302792
6302793
6302794
6302795
6302796
6302797
6302798
6302799
6302800
6302801
6302802
6302803
6302804
6302805
6302806
6302807
6302808
6302809
6302810
6302811
6302812
6302813
6302814
6302815
6302816
6302817
6302818
6302819
6302820
6302821
6302822
6302823
6302824
6302825
6302826
6302827
6302828
6302829
6302830
6302831
6302832
6302833
6302834
6302835
6302836
6302837
6302838
6302839
6302840
6302841
6302842
6302843
6302844
6302845
6302846
6302847
6302848
6302849
6302850
6302851
6302852
6302853
6302854
6302855
6302856
6302857
6302858
6302859
6302860
6302861
6302862
6302863
6302864
6302865
6302866
6302867
6302868
6302869
6302870
6302871
6302872
6302873
6302874
6302875
6302876
6302877
6302878
6302879
6302880
6302881
6302882
6302883
6302884
6302885
6302886
6302887
6302888
6302889
6302890
6302891
6302892
6302893
6302894
6302895
6302896
6302897
6302898
6302899
6302900
6302901
6302902
6302903
6302904
6302905
6302906
6302907
6302908
6302909
6302910
6302911
6302912
6302913
6302914
6302915
6302916
6302917
6302918
6302919
6302920
6302921
6302922
6302923
6302924
6302925
6302926
6302927
6302928
6302929
6302930
6302931
6302932
6302933
6302934
6302935
6302936
6302937
6302938
6302939
6302940
6302941
6302942
6302943
6302944
6302945
6302946
6302947
6302948
6302949
6302950
6302951
6302952
6302953
6302954
6302955
6302956
6302957
6302958
6302959
6302960
6302961
6302962
6302963
6302964
6302965
6302966
6302967
6302968
6302969
6302970
6302971
6302972
6302973
6302974
6302975
6302976
6302977
6302978
6302979
6302980
6302981
6302982
6302983
6302984
6302985
6302986
6302987
6302988
6302989
6302990
6302991
6302992
6302993
6302994
6302995
6302996
6302997
6302998
6302999
6303000
6303001
6303002
6303003
6303004
6303005
6303006
6303007
6303008
6303009
6303010
6303011
6303012
6303013
6303014
6303015
6303016
6303017
6303018
6303019
6303020
6303021
6303022
6303023
6303024
6303025
6303026
6303027
6303028
6303029
6303030
6303031
6303032
6303033
6303034
6303035
6303036
6303037
6303038
6303039
6303040
6303041
6303042
6303043
6303044
6303045
6303046
6303047
6303048
6303049
6303050
6303051
6303052
6303053
6303054
6303055
6303056
6303057
6303058
6303059
6303060
6303061
6303062
6303063
6303064
6303065
6303066
6303067
6303068
6303069
6303070
6303071
6303072
6303073
6303074
6303075
6303076
6303077
6303078
6303079
6303080
6303081
6303082
6303083
6303084
6303085
6303086
6303087
6303088
6303089
6303090
6303091
6303092
6303093
6303094
6303095
6303096
6303097
6303098
6303099
6303100
6303101
6303102
6303103
6303104
6303105
6303106
6303107
6303108
6303109
6303110
6303111
6303112
6303113
6303114
6303115
6303116
6303117
6303118
6303119
6303120
6303121
6303122
6303123
6303124
6303125
6303126
6303127
6303128
6303129
6303130
6303131
6303132
6303133
6303134
6303135
6303136
6303137
6303138
6303139
6303140
6303141
6303142
6303143
6303144
6303145
6303146
6303147
6303148
6303149
6303150
6303151
6303152
6303153
6303154
6303155
6303156
6303157
6303158
6303159
6303160
6303161
6303162
6303163
6303164
6303165
6303166
6303167
6303168
6303169
6303170
6303171
6303172
6303173
6303174
6303175
6303176
6303177
6303178
6303179
6303180
6303181
6303182
6303183
6303184
6303185
6303186
6303187
6303188
6303189
6303190
6303191
6303192
6303193
6303194
6303195
6303196
6303197
6303198
6303199
6303200
6303201
6303202
6303203
6303204
6303205
6303206
6303207
6303208
6303209
6303210
6303211
6303212
6303213
6303214
6303215
6303216
6303217
6303218
6303219
6303220
6303221
6303222
6303223
6303224
6303225
6303226
6303227
6303228
6303229
6303230
6303231
6303232
6303233
6303234
6303235
6303236
6303237
6303238
6303239
6303240
6303241
6303242
6303243
6303244
6303245
6303246
6303247
6303248
6303249
6303250
6303251
6303252
6303253
6303254
6303255
6303256
6303257
6303258
6303259
6303260
6303261
6303262
6303263
6303264
6303265
6303266
6303267
6303268
6303269
6303270
6303271
6303272
6303273
6303274
6303275
6303276
6303277
6303278
6303279
6303280
6303281
6303282
6303283
6303284
6303285
6303286
6303287
6303288
6303289
6303290
6303291
6303292
6303293
6303294
6303295
6303296
6303297
6303298
6303299
6303300
6303301
6303302
6303303
6303304
6303305
6303306
6303307
6303308
6303309
6303310
6303311
6303312
6303313
6303314
6303315
6303316
6303317
6303318
6303319
6303320
6303321
6303322
6303323
6303324
6303325
6303326
6303327
6303328
6303329
6303330
6303331
6303332
6303333
6303334
6303335
6303336
6303337
6303338
6303339
6303340
6303341
6303342
6303343
6303344
6303345
6303346
6303347
6303348
6303349
6303350
6303351
6303352
6303353
6303354
6303355
6303356
6303357
6303358
6303359
6303360
6303361
6303362
6303363
6303364
6303365
6303366
6303367
6303368
6303369
6303370
6303371
6303372
6303373
6303374
6303375
6303376
6303377
6303378
6303379
6303380
6303381
6303382
6303383
6303384
6303385
6303386
6303387
6303388
6303389
6303390
6303391
6303392
6303393
6303394
6303395
6303396
6303397
6303398
6303399
6303400
6303401
6303402
6303403
6303404
6303405
6303406
6303407
6303408
6303409
6303410
6303411
6303412
6303413
6303414
6303415
6303416
6303417
6303418
6303419
6303420
6303421
6303422
6303423
6303424
6303425
6303426
6303427
6303428
6303429
6303430
6303431
6303432
6303433
6303434
6303435
6303436
6303437
6303438
6303439
6303440
6303441
6303442
6303443
6303444
6303445
6303446
6303447
6303448
6303449
6303450
6303451
6303452
6303453
6303454
6303455
6303456
6303457
6303458
6303459
6303460
6303461
6303462
6303463
6303464
6303465
6303466
6303467
6303468
6303469
6303470
6303471
6303472
6303473
6303474
6303475
6303476
6303477
6303478
6303479
6303480
6303481
6303482
6303483
6303484
6303485
6303486
6303487
6303488
6303489
6303490
6303491
6303492
6303493
6303494
6303495
6303496
6303497
6303498
6303499
6303500
6303501
6303502
6303503
6303504
6303505
6303506
6303507
6303508
6303509
6303510
6303511
6303512
6303513
6303514
6303515
6303516
6303517
6303518
6303519
6303520
6303521
6303522
6303523
6303524
6303525
6303526
6303527
6303528
6303529
6303530
6303531
6303532
6303533
6303534
6303535
6303536
6303537
6303538
6303539
6303540
6303541
6303542
6303543
6303544
6303545
6303546
6303547
6303548
6303549
6303550
6303551
6303552
6303553
6303554
6303555
6303556
6303557
6303558
6303559
6303560
6303561
6303562
6303563
6303564
6303565
6303566
6303567
6303568
6303569
6303570
6303571
6303572
6303573
6303574
6303575
6303576
6303577
6303578
6303579
6303580
6303581
6303582
6303583
6303584
6303585
6303586
6303587
6303588
6303589
6303590
6303591
6303592
6303593
6303594
6303595
6303596
6303597
6303598
6303599
6303600
6303601
6303602
6303603
6303604
6303605
6303606
6303607
6303608
6303609
6303610
6303611
6303612
6303613
6303614
6303615
6303616
6303617
6303618
6303619
6303620
6303621
6303622
6303623
6303624
6303625
6303626
6303627
6303628
6303629
6303630
6303631
6303632
6303633
6303634
6303635
6303636
6303637
6303638
6303639
6303640
6303641
6303642
6303643
6303644
6303645
6303646
6303647
6303648
6303649
6303650
6303651
6303652
6303653
6303654
6303655
6303656
6303657
6303658
6303659
6303660
6303661
6303662
6303663
6303664
6303665
6303666
6303667
6303668
6303669
6303670
6303671
6303672
6303673
6303674
6303675
6303676
6303677
6303678
6303679
6303680
6303681
6303682
6303683
6303684
6303685
6303686
6303687
6303688
6303689
6303690
6303691
6303692
6303693
6303694
6303695
6303696
6303697
6303698
6303699
6303700
6303701
6303702
6303703
6303704
6303705
6303706
6303707
6303708
6303709
6303710
6303711
6303712
6303713
6303714
6303715
6303716
6303717
6303718
6303719
6303720
6303721
6303722
6303723
6303724
6303725
6303726
6303727
6303728
6303729
6303730
6303731
6303732
6303733
6303734
6303735
6303736
6303737
6303738
6303739
6303740
6303741
6303742
6303743
6303744
6303745
6303746
6303747
6303748
6303749
6303750
6303751
6303752
6303753
6303754
6303755
6303756
6303757
6303758
6303759
6303760
6303761
6303762
6303763
6303764
6303765
6303766
6303767
6303768
6303769
6303770
6303771
6303772
6303773
6303774
6303775
6303776
6303777
6303778
6303779
6303780
6303781
6303782
6303783
6303784
6303785
6303786
6303787
6303788
6303789
6303790
6303791
6303792
6303793
6303794
6303795
6303796
6303797
6303798
6303799
6303800
6303801
6303802
6303803
6303804
6303805
6303806
6303807
6303808
6303809
6303810
6303811
6303812
6303813
6303814
6303815
6303816
6303817
6303818
6303819
6303820
6303821
6303822
6303823
6303824
6303825
6303826
6303827
6303828
6303829
6303830
6303831
6303832
6303833
6303834
6303835
6303836
6303837
6303838
6303839
6303840
6303841
6303842
6303843
6303844
6303845
6303846
6303847
6303848
6303849
6303850
6303851
6303852
6303853
6303854
6303855
6303856
6303857
6303858
6303859
6303860
6303861
6303862
6303863
6303864
6303865
6303866
6303867
6303868
6303869
6303870
6303871
6303872
6303873
6303874
6303875
6303876
6303877
6303878
6303879
6303880
6303881
6303882
6303883
6303884
6303885
6303886
6303887
6303888
6303889
6303890
6303891
6303892
6303893
6303894
6303895
6303896
6303897
6303898
6303899
6303900
6303901
6303902
6303903
6303904
6303905
6303906
6303907
6303908
6303909
6303910
6303911
6303912
6303913
6303914
6303915
6303916
6303917
6303918
6303919
6303920
6303921
6303922
6303923
6303924
6303925
6303926
6303927
6303928
6303929
6303930
6303931
6303932
6303933
6303934
6303935
6303936
6303937
6303938
6303939
6303940
6303941
6303942
6303943
6303944
6303945
6303946
6303947
6303948
6303949
6303950
6303951
6303952
6303953
6303954
6303955
6303956
6303957
6303958
6303959
6303960
6303961
6303962
6303963
6303964
6303965
6303966
6303967
6303968
6303969
6303970
6303971
6303972
6303973
6303974
6303975
6303976
6303977
6303978
6303979
6303980
6303981
6303982
6303983
6303984
6303985
6303986
6303987
6303988
6303989
6303990
6303991
6303992
6303993
6303994
6303995
6303996
6303997
6303998
6303999
6304000
6304001
6304002
6304003
6304004
6304005
6304006
6304007
6304008
6304009
6304010
6304011
6304012
6304013
6304014
6304015
6304016
6304017
6304018
6304019
6304020
6304021
6304022
6304023
6304024
6304025
6304026
6304027
6304028
6304029
6304030
6304031
6304032
6304033
6304034
6304035
6304036
6304037
6304038
6304039
6304040
6304041
6304042
6304043
6304044
6304045
6304046
6304047
6304048
6304049
6304050
6304051
6304052
6304053
6304054
6304055
6304056
6304057
6304058
6304059
6304060
6304061
6304062
6304063
6304064
6304065
6304066
6304067
6304068
6304069
6304070
6304071
6304072
6304073
6304074
6304075
6304076
6304077
6304078
6304079
6304080
6304081
6304082
6304083
6304084
6304085
6304086
6304087
6304088
6304089
6304090
6304091
6304092
6304093
6304094
6304095
6304096
6304097
6304098
6304099
6304100
6304101
6304102
6304103
6304104
6304105
6304106
6304107
6304108
6304109
6304110
6304111
6304112
6304113
6304114
6304115
6304116
6304117
6304118
6304119
6304120
6304121
6304122
6304123
6304124
6304125
6304126
6304127
6304128
6304129
6304130
6304131
6304132
6304133
6304134
6304135
6304136
6304137
6304138
6304139
6304140
6304141
6304142
6304143
6304144
6304145
6304146
6304147
6304148
6304149
6304150
6304151
6304152
6304153
6304154
6304155
6304156
6304157
6304158
6304159
6304160
6304161
6304162
6304163
6304164
6304165
6304166
6304167
6304168
6304169
6304170
6304171
6304172
6304173
6304174
6304175
6304176
6304177
6304178
6304179
6304180
6304181
6304182
6304183
6304184
6304185
6304186
6304187
6304188
6304189
6304190
6304191
6304192
6304193
6304194
6304195
6304196
6304197
6304198
6304199
6304200
6304201
6304202
6304203
6304204
6304205
6304206
6304207
6304208
6304209
6304210
6304211
6304212
6304213
6304214
6304215
6304216
6304217
6304218
6304219
6304220
6304221
6304222
6304223
6304224
6304225
6304226
6304227
6304228
6304229
6304230
6304231
6304232
6304233
6304234
6304235
6304236
6304237
6304238
6304239
6304240
6304241
6304242
6304243
6304244
6304245
6304246
6304247
6304248
6304249
6304250
6304251
6304252
6304253
6304254
6304255
6304256
6304257
6304258
6304259
6304260
6304261
6304262
6304263
6304264
6304265
6304266
6304267
6304268
6304269
6304270
6304271
6304272
6304273
6304274
6304275
6304276
6304277
6304278
6304279
6304280
6304281
6304282
6304283
6304284
6304285
6304286
6304287
6304288
6304289
6304290
6304291
6304292
6304293
6304294
6304295
6304296
6304297
6304298
6304299
6304300
6304301
6304302
6304303
6304304
6304305
6304306
6304307
6304308
6304309
6304310
6304311
6304312
6304313
6304314
6304315
6304316
6304317
6304318
6304319
6304320
6304321
6304322
6304323
6304324
6304325
6304326
6304327
6304328
6304329
6304330
6304331
6304332
6304333
6304334
6304335
6304336
6304337
6304338
6304339
6304340
6304341
6304342
6304343
6304344
6304345
6304346
6304347
6304348
6304349
6304350
6304351
6304352
6304353
6304354
6304355
6304356
6304357
6304358
6304359
6304360
6304361
6304362
6304363
6304364
6304365
6304366
6304367
6304368
6304369
6304370
6304371
6304372
6304373
6304374
6304375
6304376
6304377
6304378
6304379
6304380
6304381
6304382
6304383
6304384
6304385
6304386
6304387
6304388
6304389
6304390
6304391
6304392
6304393
6304394
6304395
6304396
6304397
6304398
6304399
6304400
6304401
6304402
6304403
6304404
6304405
6304406
6304407
6304408
6304409
6304410
6304411
6304412
6304413
6304414
6304415
6304416
6304417
6304418
6304419
6304420
6304421
6304422
6304423
6304424
6304425
6304426
6304427
6304428
6304429
6304430
6304431
6304432
6304433
6304434
6304435
6304436
6304437
6304438
6304439
6304440
6304441
6304442
6304443
6304444
6304445
6304446
6304447
6304448
6304449
6304450
6304451
6304452
6304453
6304454
6304455
6304456
6304457
6304458
6304459
6304460
6304461
6304462
6304463
6304464
6304465
6304466
6304467
6304468
6304469
6304470
6304471
6304472
6304473
6304474
6304475
6304476
6304477
6304478
6304479
6304480
6304481
6304482
6304483
6304484
6304485
6304486
6304487
6304488
6304489
6304490
6304491
6304492
6304493
6304494
6304495
6304496
6304497
6304498
6304499
6304500
6304501
6304502
6304503
6304504
6304505
6304506
6304507
6304508
6304509
6304510
6304511
6304512
6304513
6304514
6304515
6304516
6304517
6304518
6304519
6304520
6304521
6304522
6304523
6304524
6304525
6304526
6304527
6304528
6304529
6304530
6304531
6304532
6304533
6304534
6304535
6304536
6304537
6304538
6304539
6304540
6304541
6304542
6304543
6304544
6304545
6304546
6304547
6304548
6304549
6304550
6304551
6304552
6304553
6304554
6304555
6304556
6304557
6304558
6304559
6304560
6304561
6304562
6304563
6304564
6304565
6304566
6304567
6304568
6304569
6304570
6304571
6304572
6304573
6304574
6304575
6304576
6304577
6304578
6304579
6304580
6304581
6304582
6304583
6304584
6304585
6304586
6304587
6304588
6304589
6304590
6304591
6304592
6304593
6304594
6304595
6304596
6304597
6304598
6304599
6304600
6304601
6304602
6304603
6304604
6304605
6304606
6304607
6304608
6304609
6304610
6304611
6304612
6304613
6304614
6304615
6304616
6304617
6304618
6304619
6304620
6304621
6304622
6304623
6304624
6304625
6304626
6304627
6304628
6304629
6304630
6304631
6304632
6304633
6304634
6304635
6304636
6304637
6304638
6304639
6304640
6304641
6304642
6304643
6304644
6304645
6304646
6304647
6304648
6304649
6304650
6304651
6304652
6304653
6304654
6304655
6304656
6304657
6304658
6304659
6304660
6304661
6304662
6304663
6304664
6304665
6304666
6304667
6304668
6304669
6304670
6304671
6304672
6304673
6304674
6304675
6304676
6304677
6304678
6304679
6304680
6304681
6304682
6304683
6304684
6304685
6304686
6304687
6304688
6304689
6304690
6304691
6304692
6304693
6304694
6304695
6304696
6304697
6304698
6304699
6304700
6304701
6304702
6304703
6304704
6304705
6304706
6304707
6304708
6304709
6304710
6304711
6304712
6304713
6304714
6304715
6304716
6304717
6304718
6304719
6304720
6304721
6304722
6304723
6304724
6304725
6304726
6304727
6304728
6304729
6304730
6304731
6304732
6304733
6304734
6304735
6304736
6304737
6304738
6304739
6304740
6304741
6304742
6304743
6304744
6304745
6304746
6304747
6304748
6304749
6304750
6304751
6304752
6304753
6304754
6304755
6304756
6304757
6304758
6304759
6304760
6304761
6304762
6304763
6304764
6304765
6304766
6304767
6304768
6304769
6304770
6304771
6304772
6304773
6304774
6304775
6304776
6304777
6304778
6304779
6304780
6304781
6304782
6304783
6304784
6304785
6304786
6304787
6304788
6304789
6304790
6304791
6304792
6304793
6304794
6304795
6304796
6304797
6304798
6304799
6304800
6304801
6304802
6304803
6304804
6304805
6304806
6304807
6304808
6304809
6304810
6304811
6304812
6304813
6304814
6304815
6304816
6304817
6304818
6304819
6304820
6304821
6304822
6304823
6304824
6304825
6304826
6304827
6304828
6304829
6304830
6304831
6304832
6304833
6304834
6304835
6304836
6304837
6304838
6304839
6304840
6304841
6304842
6304843
6304844
6304845
6304846
6304847
6304848
6304849
6304850
6304851
6304852
6304853
6304854
6304855
6304856
6304857
6304858
6304859
6304860
6304861
6304862
6304863
6304864
6304865
6304866
6304867
6304868
6304869
6304870
6304871
6304872
6304873
6304874
6304875
6304876
6304877
6304878
6304879
6304880
6304881
6304882
6304883
6304884
6304885
6304886
6304887
6304888
6304889
6304890
6304891
6304892
6304893
6304894
6304895
6304896
6304897
6304898
6304899
6304900
6304901
6304902
6304903
6304904
6304905
6304906
6304907
6304908
6304909
6304910
6304911
6304912
6304913
6304914
6304915
6304916
6304917
6304918
6304919
6304920
6304921
6304922
6304923
6304924
6304925
6304926
6304927
6304928
6304929
6304930
6304931
6304932
6304933
6304934
6304935
6304936
6304937
6304938
6304939
6304940
6304941
6304942
6304943
6304944
6304945
6304946
6304947
6304948
6304949
6304950
6304951
6304952
6304953
6304954
6304955
6304956
6304957
6304958
6304959
6304960
6304961
6304962
6304963
6304964
6304965
6304966
6304967
6304968
6304969
6304970
6304971
6304972
6304973
6304974
6304975
6304976
6304977
6304978
6304979
6304980
6304981
6304982
6304983
6304984
6304985
6304986
6304987
6304988
6304989
6304990
6304991
6304992
6304993
6304994
6304995
6304996
6304997
6304998
6304999
6305000
6305001
6305002
6305003
6305004
6305005
6305006
6305007
6305008
6305009
6305010
6305011
6305012
6305013
6305014
6305015
6305016
6305017
6305018
6305019
6305020
6305021
6305022
6305023
6305024
6305025
6305026
6305027
6305028
6305029
6305030
6305031
6305032
6305033
6305034
6305035
6305036
6305037
6305038
6305039
6305040
6305041
6305042
6305043
6305044
6305045
6305046
6305047
6305048
6305049
6305050
6305051
6305052
6305053
6305054
6305055
6305056
6305057
6305058
6305059
6305060
6305061
6305062
6305063
6305064
6305065
6305066
6305067
6305068
6305069
6305070
6305071
6305072
6305073
6305074
6305075
6305076
6305077
6305078
6305079
6305080
6305081
6305082
6305083
6305084
6305085
6305086
6305087
6305088
6305089
6305090
6305091
6305092
6305093
6305094
6305095
6305096
6305097
6305098
6305099
6305100
6305101
6305102
6305103
6305104
6305105
6305106
6305107
6305108
6305109
6305110
6305111
6305112
6305113
6305114
6305115
6305116
6305117
6305118
6305119
6305120
6305121
6305122
6305123
6305124
6305125
6305126
6305127
6305128